32780089
32780107
32780123
32780131
32780156
32780160
32780198
32780201
32780223
32780231
32780281
32780294
32780315
32780317
32780324
32780335
32780346
32780347
32780451
32780470
32780471
32780572
32780577
32780640
32780644
32780649
32780684
32780686
32780704
32780724
32780769
32780776
32780806
32780826
32780880
32780914
32780927
32780957
32781041
32781074
32781076
32781083
32781097
32781112
32781121
32781138
32781148
32781175
32781256
32781261
32781269
32781281
32781344
32781345
32781349
32781383
32781384
32781415
32781433
32781434
32781452
32781453
32781524
32781525
32781554
32781556
32781703
32781706
32781776
32781782
32781783
32781826
32781906
32781954
32781972
32782018
32782030
32782032
32782037
32782056
32782112
32782146
32782149
32782158
32782220
32782250
32782270
32782277
32782387
32782434
32782466
32782484
32782506
32782582
32782596
32782598
32782605
32782617
32782646
32782656
32782666
32782748
32782776
32782795
32782826
32782874
32782877
32782897
32782922
32782989
32783086
32783105
32783125
32783143
32783159
32783184
32783216
32783233
32783241
32783244
32783295
32783328
32783337
32783362
32783365
32783387
32783403
32783405
32783406
32783450
32783488
32783543
32783763
32783775
32783896
32783964
32784073
32784098
32784164
32784240
32784300
32784304
32784353
32784409
32784412
32784423
32784566
32784590
32784620
32784626
32784645
32784663
32784664
32784676
32784738
32784741
32784753
32784783
32784845
32784863
32784873
32784897
32784908
32784967
32784972
32784974
32785029
32785035
32785056
32785091
32785111
32785142
32785146
32785235
32785274
32785275
32785284
32785337
32785373
32785432
32785457
32785464
32785515
32785682
32785690
32785714
32785728
32785740
32785841
32785904
32785970
32786013
32786035
32786054
32786068
32786258
32786291
32786382
32786516
32786558
32786622
32786746
32786821
32786833
32786880
32786882
32786917
32786975
32787020
32787025
32787036
32787056
32787119
32787158
32787175
32787245
32787308
32787310
32787337
32787342
32787369
32787382
32787445
32787457
32787496
32787509
32787537
32787548
32787568
32787570
32787592
32787640
32787651
32787826
32787899
32787944
32787969
32787996
32788095
32788137
32788164
32788213
32788214
32788255
32788283
32788286
32788326
32788377
32788449
32788511
32788518
32788566
32788648
32788673
32788688
32788707
32788712
32788809
32788834
32788878
32788947
32788979
32788987
32789035
32789062
32789111
32789168
32789183
32789197
32789280
32789336
32789388
32789400
32789475
32789480
32789489
32789511
32789584
32789598
32789661
32789702
32789739
32789742
32789760
32789774
32789807
32789826
32789847
32789873
32789951
32789955
32790059
32790089
32790091
32790119
32790144
32790167
32790182
32790237
32790273
32790295
32790397
32790407
32790438
32790468
32790498
32790499
32790516
32790630
32790641
32790675
32790713
32790718
32790736
32790759
32790760
32790799
32790800
32790916
32790940
32790982
32791000
32791025
32791042
32791059
32791068
32791139
32791269
32791291
32791299
32791313
32791321
32791371
32791381
32791391
32791403
32791443
32791495
32791584
32791585
32791588
32791597
32791617
32791663
32791693
32791774
32791818
32791831
32791848
32791849
32791929
32791938
32792050
32792073
32792092
32792162
32792275
32792283
32792318
32792323
32792375
32792533
32792597
32792616
32792640
32792659
32792691
32792693
32792788
32792886
32792910
32792943
32792973
32793043
32793180
32793203
32793255
32793263
32793353
32793355
32793394
32793423
32793456
32793523
32793528
32793534
32793546
32793641
32793650
32793668
32793673
32793706
32793716
32793721
32793728
32793770
32793784
32793957
32793958
32793970
32793981
32794080
32794119
32794150
32794181
32794194
32794328
32794383
32794416
32794419
32794426
32794457
32794470
32794551
32794586
32794657
32794676
32794701
32794754
32794774
32794778
32794786
32794799
32794830
32794835
32794856
32794907
32794947
32794962
32794964
32794969
32794991
32795011
32795032
32795054
32795063
32795087
32795094
32795120
32795197
32795211
32795219
32795235
32795282
32795339
32795373
32795418
32795421
32795462
32795636
32795706
32795732
32795753
32795827
32795878
32795935
32795965
32795976
32795981
32796013
32796019
32796057
32796058
32796093
32796144
32796175
32796195
32796210
32796226
32796229
32796310
32796312
32796346
32796427
32796451
32796455
32796480
32796517
32796521
32796542
32796547
32796604
32796629
32796653
32796685
32796693
32796751
32796793
32796899
32796960
32796967
32796982
32796992
32797072
32797088
32797109
32797115
32797145
32797167
32797168
32797177
32797189
32797231
32797234
32797283
32797297
32797309
32797348
32797361
32797432
32797433
32797466
32797476
32797488
32797537
32797580
32797620
32797661
32797684
32797726
32797747
32797750
32797768
32797769
32797773
32797801
32797808
32797809
32797876
32797878
32797914
32797974
32798018
32798022
32798026
32798091
32798224
32798243
32798248
32798283
32798299
32798350
32798457
32798458
32798470
32798482
32798548
32798598
32798608
32798609
32798622
32798645
32798646
32798647
32798708
32798711
32798731
32798777
32798789
32798795
32798855
32798905
32798935
32798940
32798945
32798950
32798970
32798986
32799057
32799099
32799126
32799157
32799285
32799329
32799330
32799343
32799420
32799456
32799470
32799484
32799516
32799518
32799538
32799543
32799554
32799558
32799564
32799600
32799662
32799673
32799685
32799753
32799817
32799833
32799845
32799859
32799906
32799923
32800192
32800221
32800224
32800243
32800244
32800291
32800301
32800305
32800412
32800427
32800428
32800448
32800450
32800558
32800564
32800577
32800685
32800687
32800755
32800871
32800875
32800949
32800978
32801081
32801264
32801299
32801300
32801325
32801335
32801389
32801396
32801480
32801483
32801487
32801502
32801545
32801556
32801588
32801607
32801610
32801620
32801653
32801690
32801724
32801739
32801776
32801836
32801900
32801927
32801942
32801945
32802009
32802010
32802023
32802053
32802106
32802116
32802134
32802138
32802154
32802197
32802203
32802264
32802286
32802351
32802353
32802354
32802462
32802502
32802516
32802599
32802657
32802684
32802687
32802689
32802739
32802740
32802797
32802807
32802820
32802833
32802849
32802898
32802938
32802939
32802958
32802964
32802967
32803010
32803070
32803106
32803109
32803164
32803211
32803240
32803288
32803292
32803316
32803318
32803329
32803353
32803369
32803408
32803423
32803445
32803456
32803458
32803483
32803500
32803501
32803574
32803575
32803576
32803591
32803593
32803613
32803651
32803662
32803748
32803840
32803846
32803860
32803876
32803901
32803961
32803967
32803985
32803999
32804011
32804026
32804070
32804102
32804107
32804116
32804210
32804211
32804217
32804219
32804274
32804284
32804299
32804301
32804357
32804367
32804368
32804381
32804403
32804414
32804435
32804455
32804481
32804498
32804526
32804553
32804556
32804570
32804585
32804656
32804672
32804677
32804687
32804737
32804798
32804847
32804877
32804879
32804881
32804899
32804909
32804910
32804934
32804946
32805049
32805095
32805127
32805180
32805224
32805262
32805265
32805306
32805307
32805385
32805439
32805449
32805464
32805470
32805473
32805579
32805636
32805675
32805715
32805777
32805789
32805849
32805867
32805872
32805967
32806007
32806029
32806034
32806069
32806084
32806109
32806121
32806171
32806279
32806293
32806391
32806394
32806420
32806461
32806530
32806553
32806576
32806579
32806584
32806633
32806651
32806673
32806696
32806699
32806700
32806786
32806903
32806949
32806972
32807000
32807077
32807100
32807104
32807181
32807216
32807230
32807245
32807303
32807402
32807413
32807418
32807446
32807453
32807490
32807520
32807565
32807870
32807895
32807991
32808041
32808073
32808114
32808145
32808178
32808232
32808299
32808413
32808429
32808459
32808505
32808550
32808596
32808618
32808619
32808620
32808644
32808657
32808689
32808690
32808696
32808712
32808716
32808728
32808731
32808880
32808894
32808919
32808984
32809030
32809076
32809148
32809164
32809203
32809211
32809223
32809243
32809250
32809251
32809255
32809263
32809267
32809279
32809318
32809349
32809364
32809380
32809396
32809451
32809494
32809520
32809568
32809582
32809684
32809696
32809737
32809782
32809817
32809848
32809887
32809947
32809965
32810001
32810015
32810124
32810147
32810224
32810225
32810258
32810280
32810312
32810382
32810404
32810443
32810517
32810549
32810550
32810587
32810683
32810689
32810695
32810760
32810792
32810794
32810822
32810841
32810884
32810946
32810978
32811004
32811023
32811061
32811124
32811167
32811181
32811199
32811205
32811224
32811366
32811377
32811383
32811441
32811487
32811516
32811522
32811530
32811549
32811599
32811629
32811645
32811674
32811677
32811714
32811720
32811723
32811752
32811844
32811859
32811915
32811923
32811959
32811961
32811962
32811977
32812043
32812056
32812083
32812288
32812292
32812298
32812423
32812424
32812427
32812495
32812519
32812528
32812580
32812705
32812731
32812736
32812753
32812797
32812801
32812818
32812858
32812880
32812916
32812918
32812947
32812954
32813052
32813055
32813068
32813085
32813106
32813161
32813205
32813214
32813279
32813280
32813308
32813421
32813523
32813526
32813527
32813531
32813575
32813576
32813577
32813582
32813583
32813592
32813620
32813686
32813690
32813691
32813731
32813753
32813756
32813768
32813788
32813797
32813852
32813864
32813912
32813941
32813989
32814039
32814047
32814101
32814113
32814126
32814127
32814224
32814242
32814244
32814251
32814268
32814288
32814292
32814316
32814365
32814366
32814368
32814447
32814456
32814468
32814489
32814500
32814505
32814509
32814581
32814605
32814616
32814659
32814667
32814679
32814739
32814818
32814820
32814902
32814909
32814942
32814958
32814970
32814974
32814975
32814995
32815004
32815010
32815025
32815030
32815031
32815032
32815066
32815091
32815224
32815272
32815310
32815410
32815423
32815479
32815488
32815516
32815533
32815535
32815543
32815608
32815651
32815834
32815835
32815842
32815843
32815851
32815890
32815930
32815935
32815943
32815966
32815982
32816028
32816049
32816053
32816054
32816079
32816137
32816216
32816219
32816223
32816241
32816334
32816335
32816352
32816366
32816386
32816392
32816402
32816443
32816448
32816476
32816477
32816534
32816544
32816551
32816662
32816663
32816664
32816687
32816700
32816701
32816718
32816725
32816730
32816772
32816815
32816833
32816889
32816899
32816957
32816958
32816959
32816972
32816989
32816998
32817008
32817033
32817101
32817117
32817121
32817130
32817195
32817240
32817241
32817285
32817293
32817433
32817444
32817452
32817453
32817461
32817484
32817485
32817499
32817515
32817572
32817614
32817643
32817710
32817774
32817797
32817801
32817834
32817868
32817913
32817921
32817932
32817978
32817994
32818010
32818015
32818030
32818031
32818190
32818203
32818213
32818230
32818236
32818242
32818297
32818306
32818430
32818432
32818453
32818489
32818505
32818510
32818579
32818629
32818633
32818678
32818771
32818774
32818883
32818896
32818904
32818914
32818991
32818995
32819001
32819018
32819073
32819127
32819225
32819228
32819283
32819330
32819446
32819478
32819482
32819517
32819523
32819557
32819570
32819607
32819642
32819651
32819660
32819671
32819683
32819703
32819720
32819745
32819751
32819793
32819818
32819831
32819834
32819836
32819854
32819858
32819865
32819911
32819921
32819948
32819968
32819984
32819991
