32845485
32846093
32847866
32847945
32848389
32848420
32848834
32848873
32849822
32850037
32850805
32851081
32851195
32851276
32852123
32852325
32852847
32853021
32854962
32856376
32856568
32856788
32859394
32859592
32859669
32859940
32860027
32860128
32860663
32860766
32860818
32861470
32861660
32862408
32862746
32863268
32865136
32865374
32865431
32865715
32865916
32866197
32866372
32866549
32867251
32867275
32867426
32868361
32868423
32869754
32870081
32870369
32870462
32870594
32871088
32871492
32871799
32871866
32872948
32873108
32873160
32873246
32873429
32874281
32874571
32874832
32875069
32875474
32876958
32877641
32877904
32878460
32878786
32880614
32881150
32882443
32882982
32883664
32883787
32883799
32884392
32884561
32884601
32884810
32884832
32884954
32885118
32885730
32885878
32886259
32886509
32887974
32888295
32888448
32888702
32888892
32889090
32889411
32889502
32889532
32889754
32890127
32890365
32890560
32890583
32891064
32891343
32892598
32892623
32892654
32892761
32893013
32893253
32893262
32893493
32894032
32894046
32894860
32894895
32895014
32895034
32895097
32895153
32895548
32896489
32896685
32896690
32896856
32897458
32897785
32898037
32899277
32900637
32900671
32900951
32901501
32901959
32902654
32903010
32903943
32903997
32904122
32904204
32904324
32904458
32904499
32904631
32904663
32904729
32904771
32904945
32905050
32905339
32905515
32905598
32905662
32905751
32905787
32905854
32906261
32906526
32906709
32906773
32908202
32908390
32910181
32910329
32910785
32911294
32911629
32911977
32912048
32912195
32912197
32912277
32912392
32912548
32912776
32912887
32912912
32913027
32914099
32914369
32914764
32915431
32916210
32916674
32917826
32918421
32919361
32919607
32920836
32920894
32921192
32921257
32921830
32922637
32922920
32922953
32923466
32923494
32924641
32924678
32924936
32924976
32925108
32925752
32925988
32926009
32926214
32926410
32926656
32926752
32927495
32927843
32930247
32930836
32931235
32931545
32932165
32932296
32933068
32933326
32933357
32933485
32934211
32934245
32934428
32935334
32935894
32936672
32937254
32937692
32937991
32938012
32938546
32939225
32940378
32940645
32941624
32942207
32942710
32943236
32943266
32943593
32945674
32946247
32946562
32946642
32946927
32948117
32949297
32950669
32951216
32953707
32953851
32954548
32956146
32956798
32957617
32958828
32959349
32959485
32960625
32961020
32961197
32962675
32963059
32963152
32963253
32963602
32963661
32964186
32964460
32965273
32965474
32966758
32966978
32968730
32969898
32970453
32970660
32970718
32971121
32972659
32973177
32973316
32973776
32973889
32973975
32974073
32975837
32977023
32977860
32977893
32978035
32978844
32979295
32979536
32979979
32980244
32982774
32983428
32984027
32984492
32985051
32985151
32985244
32986253
32987211
32988273
32988397
32988423
32988523
32989192
32989480
32989505
32994465
32997571
32997949
32999316
33000666
33001080
33001267
33003558
33003962
33005683
33007117
33007274
33007463
33008620
33008629
33008696
33008765
33009329
33009399
33009912
33009979
33010561
33011615
33011702
33011878
33012579
33012639
33012959
33013663
33013724
33013789
33014206
33014558
33014564
33014694
33015480
33016730
33017076
33017313
33017511
33018855
33019105
33019792
33020530
33020566
33021224
33022275
33022308
33023801
33023830
33024533
33025104
33025389
33025522
33025835
33025958
33026102
33029752
33030437
33030886
33032562
33033563
33033670
33034558
33035947
33038773
33039514
33040128
33041200
33042387
33042419
33043157
33043487
33043729
33044351
33046027
33046177
33047763
33048599
33048793
33049169
33049192
33049888
33050280
33051323
33051730
33052724
33052965
33053075
33053508
33053603
33054012
33054111
33056311
33056440
33056782
33058028
33058195
33058912
33059139
33059640
33060524
33060722
33060751
33061689
33062612
33062667
33063954
33064432
33066663
33067158
33067748
33068455
33069082
33069339
33069365
33069599
33070398
33072945
33073040
33073726
33075719
33075892
33076254
33076317
33076375
33076390
33076576
33076671
33076907
33077435
33077511
33077674
33078428
33079660
33079686
33079733
33080185
33080382
33080620
33080668
33080865
33080881
33081577
33081721
33081856
33082059
33082246
33082321
33082379
33082529
33082821
33082992
33083235
33083319
33083359
33083489
33083698
33083786
33083847
33083874
33084550
33084632
33084905
33085062
33085293
33085398
33085513
33085830
33086156
33086565
33086975
33086998
33087587
33087724
33087748
33087958
33088424
33088556
33088584
33089533
33089625
33089826
33089915
33089995
33090276
33091452
33091989
33092233
33092429
33092766
33093030
33093177
33093273
33094551
33094727
33095098
33095255
33095752
33096027
33096067
33096153
33096673
33097499
33098038
